6
0
133
132
128
131
127
126
110
109
105
108
104
102
95
92
91
94
93
90
103
101
98
97
100
99
96
1
135
134
2
136
3
137
4
146
140
139
5
204
191
221
211
212
213
217
216
215
218
220
219
192
195
194
193
196
197
145
143
144
190
188
189
248
222
224
223
226
227
89
85
86
228
225
229
231
233
234
235
232
81
82
83
84
236
239
238
237
240
247
245
246
244
181
180
151
150
152
153
113
111
112
76
154
158
156
18
9
10
11
157
155
56
54
53
55
69
62
60
61
119
114
116
115
125
123
122
63
64
67
68
87
88
179
159
160
161
162
163
167
170
19
169
7
8
171
168
52
50
49
51
75
70
71
72
121
120
73
74
77
78
174
175
182
183
184
185
