334
320
321
322
324
325
326
323
329
330
328
332
340
331
327
333
319
317
247
232
233
234
235
239
241
240
245
244
246
243
318
236
237
316
238
299
248
249
251
250
252
254
31
29
253
255
258
257
256
260
259
273
275
291
293
292
297
296
298
295
272
261
262
264
266
265
27
269
268
30
28
26
274
86
80
81
210
205
14
8
9
10
11
63
62
12
13
66
53
54
124
98
100
99
102
103
104
101
105
107
109
110
111
108
112
115
114
113
116
123
121
122
120
6
55
25
16
17
18
19
20
21
22
130
128
93
226
219
220
96
97
61
15
60
64
65
67
79
72
49
