174
159
71
160
161
162
164
165
166
163
169
170
168
172
171
167
173
158
156
25
10
11
12
13
17
19
18
23
22
24
21
157
14
15
155
16
109
26
27
29
28
30
119
38
39
41
40
42
120
43
46
45
44
48
47
61
65
86
90
94
97
99
98
101
103
102
107
106
108
105
60
49
50
52
54
53
57
56
66
67
68
83
69
82
73
74
198
197
75
79
76
91
228
224
32
210
208
207
33
36
118
117
253
251
252
192
225
226
77
78
81
85
87
80
88
72
133
110
111
112
113
121
123
122
125
127
126
131
130
132
129
138
134
135
136
31
35
137
144
139
140
141
142
143
95
191
96
