6
0
164
163
159
162
158
157
141
140
136
139
135
133
126
123
122
125
124
121
134
132
129
128
131
130
127
1
166
165
2
167
3
192
52
77
78
4
101
195
194
5
169
156
186
176
177
178
182
181
180
183
185
184
160
168
161
200
198
199
155
153
154
213
187
189
188
191
120
110
111
193
190
196
197
108
109
112
113
118
119
114
115
201
204
203
202
205
212
210
211
209
146
145
106
105
107
144
142
143
116
33
32
18
19
31
22
23
24
37
35
34
36
58
53
54
84
79
25
26
30
117
216
214
70
65
92
85
86
68
69
208
206
207
137
138
219
217
76
71
100
93
94
74
75
