6
0
164
163
159
162
158
157
141
140
136
139
135
133
126
123
122
125
124
121
134
132
129
128
131
130
127
1
166
165
2
167
3
192
17
168
169
4
201
195
194
5
263
250
280
270
271
272
276
275
274
277
279
278
251
254
253
252
255
256
200
198
199
249
247
248
307
281
283
282
285
286
120
112
113
287
284
288
290
292
293
116
117
294
291
110
111
295
298
297
296
299
306
304
305
303
240
239
206
205
207
208
144
142
143
107
209
216
211
212
213
214
33
32
18
19
31
22
23
24
215
210
71
69
68
70
175
170
10
156
154
153
7
8
9
238
217
218
219
220
221
225
227
228
229
20
21
230
226
67
65
64
66
29
25
231
232
233
234
241
242
243
244
171
172
173
26
